status,400
error,Bad Request
